(0, -18.040449438202106, -0.18040449438202108)
(1, -24.785459940652796, -0.42645504884472885)
(2, -17.804081632652775, -0.6002313146828093)
(3, -17.89926199261982, -0.7732216214621794)
(4, -23.899999999999793, -1.0044894052475555)
(5, -21.387179487179374, -1.2083163060668736)
(6, -17.954716981131842, -1.3757803128175232)
(7, -17.932432432432233, -1.5413468340136702)
(8, -18.09363295880131, -1.7068696952615465)
(9, -20.64946619217074, -1.8962956602306384)
(10, -18.07692307692301, -2.058101934397562)
(11, -18.071641791044506, -2.2182373329640317)
(12, -17.894871794871655, -2.375003677583108)
(13, -20.973356401383896, -2.560987204821116)
(14, -22.97499999999993, -2.765127332772904)
(15, -17.906463878326754, -2.9165406982284425)
(16, -16.908922558922377, -3.0564645168353817)
(17, -26.983333333333384, -3.295733205000362)
(18, -17.943749999999255, -3.442213372950351)
(19, -21.04754098360647, -3.618266649056912)
(20, -18.085815602836707, -3.7629421385947097)
(21, -17.906463878326573, -3.9043773559920285)
(22, -18.06062717770031, -4.045939854209111)
(23, -18.207692307692216, -4.187557378743942)
(24, -35.54733893557534, -4.501155194312256)
(25, -17.984520123838916, -4.635988843607522)
(26, -19.80734824281143, -4.7877024375995605)
(27, -17.91578947368417, -4.918983307960406)
(28, -17.937931034482627, -5.049172785225629)
(29, -18.299999999999883, -5.181681057373371)
(30, -17.83117408906856, -5.308175987690323)
(31, -18.09411764705859, -5.436035404284005)
(32, -24.62101910828026, -5.627885241323967)
(33, -17.829770992366168, -5.7499040988343895)
(34, -18.02140468227412, -5.872619104668787)
(35, -17.954054054053977, -5.993433454162639)
(36, -17.975432525951497, -6.113253444880527)
(37, -18.008029197080102, -6.232201202402523)
(38, -18.59256965944263, -6.3558048869729245)
(39, 8.433812949639819, -6.207908708606797)
(40, -23.733333333333324, -6.383162954854062)
(41, -18.093617021276508, -6.500267495518286)
(42, -17.83020134228174, -6.61356683398592)
(43, -17.999999999999943, -6.727431165646061)
(44, -17.93636363636344, -6.839520490353234)
(45, -18.09926199261978, -6.9521179053759)
(46, 11.928358208955336, -6.763313144232587)
(47, -28.611235955056237, -6.9817923723408235)
(48, -18.055017301037903, -7.092524621627794)
(49, -17.857553956834305, -7.200174914979859)
(50, -18.007299270072735, -7.308246158530787)
(51, -17.998901098900802, -7.415152707934487)
(52, -17.907017543859585, -7.520071356293737)
(53, -17.81428571428563, -7.6230134998736565)
(54, -17.82926829268269, -7.725076047801747)
(55, -17.955555555555357, -7.827380842879283)
(56, -18.35481727574747, -7.932655207207965)
(57, -18.018181818181738, -8.033510473317703)
(58, -17.906849315068357, -8.132243861735208)
(59, -18.040129449837966, -8.231322717616235)
(60, -45.558823529413196, -8.604597725734203)
(61, -17.94494773519156, -8.698001225828778)
(62, -18.06569343065836, -8.791678147877073)
(63, -18.032686084142362, -8.884088227239726)
(64, 27.23198380566638, -8.522927506910666)
(65, -17.96412213740431, -8.617339453215601)
(66, -18.065886287625283, -8.711824921559698)
(67, -17.832558139534658, -8.803032253739447)
(68, -6.368518518518241, -8.778687116387236)
(69, 11.441176470588147, -8.576488480517481)
(70, -17.997435897435818, -8.670697954686664)
(71, 17.4810810810805, -8.409180164328994)
(72, -18.003581267217623, -8.505124175357881)
(73, -18.006849315068422, -8.600141426754988)
(74, -17.971477663230118, -8.693854789119738)
(75, -18.021052631578826, -8.78712676754433)
(76, -18.03333333333323, -8.879588833202218)
(77, -18.083333333333105, -8.971626278203527)
(78, -17.982191780821726, -9.061731933229709)
(79, -18.07021276595724, -9.151816741556983)
(80, -17.807348242811408, -9.238372056569528)
(81, -17.93333333333324, -9.325321669337164)
(82, -18.08333333333308, -9.412901785977123)
(83, -17.87560975609739, -9.497528865678326)
(84, -17.868707482993084, -9.581240651851473)
(85, -17.978714859437467, -9.665215393927333)
(86, 17.99613899613804, -9.38860185002668)
(87, -18.093069306930634, -9.475646524595719)
(88, -17.88219178082184, -9.55971197715798)
(89, -18.031561461793846, -9.64443047200434)
(90, -18.017421602787422, -9.72816038331217)
(91, -18.07058823529389, -9.811584661831988)
(92, -17.962264150943206, -9.8930914567231)
(93, -17.956164383561426, -9.973722185991482)
(94, 18.933195020746535, -9.684653013924102)
(95, -17.89999999999988, -9.76680648378486)
(96, -18.07147766323, -9.84985319557931)
(97, -17.99999999999976, -9.931354663623516)
(98, -17.92622950819667, -10.011303412069248)
(99, -17.96578073089692, -10.090848185257524)
(100, 19.175193798448607, -9.798187765420462)
(101, 14.836781609195274, -9.551838071674304)
(102, 17.614285714285014, -9.28017683381471)
(103, -15.525884244372733, -9.342633907920291)
(104, -17.908029197080033, -9.428287860811889)
(105, -18.07254901960763, -9.514730472399846)
(106, -18.061904761904525, -9.600202215294892)
(107, -10.604545454545242, -9.610245647687396)
(108, -13.799809885931358, -9.652141290069835)
(109, -18.08434163701044, -9.736463293539241)
(110, -17.98581560283662, -9.818956816632216)
(111, -17.947058823529233, -9.900237836701185)
(112, -17.908860759493642, -9.98032406592911)
(113, -17.91976047904185, -10.059718430060238)
(114, -18.092307692307497, -10.140044322682712)
(115, -17.83308550185847, -10.21697473447447)
(116, -17.974834437085878, -10.294553331500584)
(117, -17.986206896551632, -10.371469867151093)
(118, 22.853790613717734, -10.039217262342405)
(119, -17.913559322033812, -10.117960682939318)
(120, 8.866192170818447, -9.92811915440174)
(121, -17.971428571428383, -10.008552248572006)
(122, -17.99999999999972, -10.088466726086283)
(123, -18.00849673202593, -10.16766702614568)
(124, -17.966903914590496, -10.245659395030128)
(125, -17.834482758620638, -10.321547628666034)
(126, -18.00793650793647, -10.398411517458738)
(127, -17.976923076922816, -10.47419663305338)
(128, -18.04210526315769, -10.549875719354421)
(129, -17.98819875776387, -10.624258949738516)
(130, -17.990445859872437, -10.697920818839854)
(131, -17.913043478260633, -10.770072045434063)
(132, -18.011326860841226, -10.842484593588134)
(133, -17.90407523510951, -10.913100500003349)
(134, -17.95394321766541, -10.983508927179969)
(135, -18.05244755244737, -11.054198313432643)
(136, 22.399999999998933, -10.719656330298326)
(137, -18.083453237409937, -10.793294299369443)
(138, 10.082352941175898, -10.58453782696399)
(139, -18.053354632587606, -10.659225995020225)
(140, -17.802588996763703, -10.73065962503766)
(141, -18.05633802816876, -10.803916409068972)
(142, -17.825748502993928, -10.874134730008223)
(143, -17.99999999999983, -10.945393382708138)
(144, -17.91036789297638, -11.01504312781082)
(145, -17.939344262294735, -11.08428613915566)
(146, -17.999999999999943, -11.153443277764103)
(147, -18.084818481848018, -11.22275702980494)
(148, -17.99609120521151, -11.290490371559006)
(149, -17.930201342281766, -11.356887481266234)
(150, -18.033564013841136, -11.423654246591983)
(151, -17.852802359881874, -11.487945727724883)
(152, -17.932441471571803, -11.552390685163353)
(153, -17.854838709677278, -11.615415165408493)
(154, -17.999261992619672, -11.679253633680604)
(155, 8.766666666666046, -11.474794430677138)
(156, -18.049466192170534, -11.540541148292071)
(157, -18.082539682539647, -11.605961133634546)
(158, -18.036231884057717, -11.670263841138778)
(159, -17.974999999999863, -11.73331120272739)
(160, -17.9536082474225, -11.795514173174341)
(161, 9.623076923076468, -11.581328262211834)
(162, -18.008185053380515, -11.64559683012352)
(163, -17.96894586894581, -11.708830320511742)
(164, -17.935051546391502, -11.77109253277054)
(165, -17.985714285713843, -11.833238750299973)
(166, -17.976923076922805, -11.894675593566202)
(167, -17.99411764705866, -11.955670014101127)
(168, -18.00306513409936, -12.01614396530111)
(169, 9.297003745318314, -11.803012488194916)
(170, -17.97341772151881, -11.864716540528155)
(171, -17.91044776119375, -11.925173852734812)
(172, -19.15519125683059, -11.99747402677577)
(173, -17.905109489050933, -12.056550381398521)
(174, -18.07837837837822, -12.116768661368319)
(175, -18.081690140844657, -12.176417876163082)
(176, -17.912460063897583, -12.233778298040429)
(177, -17.920467836257195, -12.290645193422597)
(178, -17.970068027210637, -12.347439421760477)
(179, -17.991318327974057, -12.403878210822613)
(180, -18.04776119403028, -12.46031704065469)
(181, -17.96308724832195, -12.515344742731363)
(182, 9.592700729926944, -12.29426428800478)
(183, -17.92562277580047, -12.350577872882736)
(184, -18.07543252595171, -12.407826419413427)
(185, -18.082191780821674, -12.46457007302751)
(186, -18.05755395683428, -12.520499911865578)
(187, -18.017647058823336, -12.575471383335154)
(188, 8.329692832764545, -12.366419741174157)
(189, -18.078014184396928, -12.423535685606385)
(190, -18.023529411764486, -12.479535622867967)
(191, 10.603559870549677, -12.248704667933792)
(192, -18.084894259818547, -12.30706656385264)
(193, -17.872549019607817, -12.362721388410192)
(194, 12.319869706839915, -12.11589547745769)
(195, -18.09505300353359, -12.175687052718448)
(196, -17.87222222222202, -12.232652404413484)
(197, -17.982051282051128, -12.29014639318986)
(198, 13.132653061224042, -12.035918398645721)
(199, 50.4919028340068, -11.410640186319197)
(200, -18.05302013422799, -11.477063985798287)
(201, -18.028571428571272, -11.542579060226016)
(202, -15.916666666666346, -11.586319936290419)
(203, 11.652671755724896, -11.353930019370265)
(204, -18.083333333333155, -11.421224052509896)
(205, 12.85294117647031, -11.178482400220094)
(206, -17.874834437085884, -11.245445920588752)
(207, -17.908517350157513, -11.31207663488444)
(208, -4.468518518518279, -11.243641053720777)
(209, -18.024390243902264, -11.311448545622591)
(210, -18.063636363636068, -11.378970423802725)
(211, 21.572727272727015, -11.049453446837429)
(212, 13.037800687284715, -10.808580905496207)
(213, -17.961631419939422, -10.88011141064064)
(214, -17.905732484076367, -10.950367621374998)
(215, -17.942942942942775, -11.020293374590675)
(216, 15.377777777777455, -10.756312663066995)
(217, 15.462815884475884, -10.494121377591567)
(218, -18.060498220640383, -10.569785146022054)
(219, -17.95820895522368, -10.643669384114071)
(220, -18.014012738853353, -10.717372817661463)
(221, -18.024561403508525, -10.790444703519933)
(222, -18.013588850173978, -10.862676144986473)
(223, -18.068707482992938, -10.934736458366539)
(224, 21.14096385542137, -10.613979455228659)
(225, 13.006514657979668, -10.377774514096576)
(226, 19.843661971830464, -10.075560149237305)
(227, 18.899224806200863, -9.785812299682922)
(228, -18.06493506493512, -9.868603527335445)
(229, -17.995847750864847, -9.949875969570739)
(230, 11.959770114941948, -9.730779508725611)
(231, -17.966666666666438, -9.81313838030502)
(232, -17.94052287581678, -9.894412225260137)
(233, -18.099999999999813, -9.976468103007532)
(234, 8.102166064981455, -9.795681761327643)
(235, 9.13587786259526, -9.606366165088414)
(236, 9.670370370369813, -9.413598799733832)
(237, -17.91578947368395, -9.498620706473332)
(238, -17.99933554817274, -9.583627854890326)
(239, 12.655555555555328, -9.361236020785869)
(240, -13.136206896551503, -9.398985729543526)
(241, 15.126881720429322, -9.153727055043797)
(242, 8.832653061224406, -8.973863253881115)
(243, 21.37084870848666, -8.670416134257437)
(244, 8.265079365079096, -8.501061179264072)
(245, -18.00967741935465, -8.59614734166498)
(246, 12.084662576687066, -8.389339242481459)
(247, 18.47540983606465, -8.120691751695999)
(248, -18.099261992620022, -8.22047745410524)
(249, -17.906849315068254, -8.317341172714869)
(250, -17.91290322580629, -8.413296793245783)
(251, -18.01228070175438, -8.509286632330868)
(252, 36.768773234199415, -8.056506033665565)
(253, 28.09607843137185, -7.694980189015191)
(254, -17.97707641195992, -7.797801151244639)
(255, -17.96045016077146, -7.899427641339907)
(256, -17.930201342281695, -7.999735378349325)
(257, 14.831970260222615, -7.771418321963605)
(258, -18.076923076922846, -7.874473369513197)
(259, 12.09999999999976, -7.6747286358180675)
(260, 17.26808510638245, -7.425300498396062)
(261, -18.002930402930172, -7.531076797441403)
(262, -7.081578947368285, -7.526581818940672)
(263, 8.92857142857119, -7.362030286465553)
(264, 8.51777003484309, -7.203232283252467)
(265, 27.859770114941988, -6.8526022592705225)
(266, -18.06643356643369, -6.964740572342154)
(267, -17.911326860841214, -7.074206435227144)
(268, 42.91818181818022, -6.574282552693071)
(269, -18.09735973597351, -6.689513324525875)
(270, -18.060501567397836, -6.803223206954595)
(271, 8.273063973063568, -6.652460335154413)
(272, 14.933962264150205, -6.436596109161367)
(273, -17.82439024390228, -6.550474050508776)
(274, 9.134951456310597, -6.393619795440582)
(275, -18.09999999999987, -6.5106835974861745)
(276, -18.006918238993684, -6.625645943901249)
(277, -18.0534201954397, -6.739923686416634)
(278, 32.98496240601438, -6.342674825492324)
(279, 14.560642570280892, -6.1336416515345915)
(280, 14.234219269102471, -5.929963042328221)
(281, 14.596610169490992, -5.724697310210028)
(282, 8.755631399317314, -5.579894023114755)
(283, 13.343065693430274, -5.390664425949304)
(284, 8.944776119403032, -5.247310020495781)
(285, -17.91052631578939, -5.373942183448716)
(286, 15.324758842442696, -5.166955173189802)
(287, 19.0187499999995, -4.925098121457909)
(288, 22.360317460317063, -4.652243965640159)
(289, -18.008517350157607, -4.785806699485334)
(290, -18.071477663230148, -4.918663409122782)
(291, 11.443769968051058, -4.755039075351044)
(292, 9.34006734006696, -4.614088011196864)
(293, 13.230188679245206, -4.435645244292443)
(294, 13.917241379309951, -4.252116378056419)
(295, -18.09292929292905, -4.3905245072051455)
(296, -18.04754098360673, -4.527094671969162)
(297, -17.977464788732437, -4.661598373136795)
(298, -17.96643356643374, -4.794646725069764)
(299, 16.422535211267082, -4.5824749057063965)
(300, 17.21075268817186, -4.364542629767614)
(301, 12.087719298245535, -4.200020010487483)
(302, -18.010810810810877, -4.338127918490717)
(303, 22.845283018867327, -4.066293809117137)
(304, 11.068817204300647, -3.914942698982959)
(305, 25.026865671641367, -3.6255246152767153)
(306, 34.54761904761817, -3.2437931786477665)
(307, -17.92013422818776, -3.3905565891431664)
(308, -18.01967213114737, -3.5368477445632083)
(309, 12.239568345323224, -3.379083583664344)
(310, -17.91463414634134, -3.5244390892911137)
(311, 26.483783783782428, -3.2243568605603783)
(312, 18.54562737642542, -3.0066570181905203)
(313, 12.208681672025318, -2.854503631288362)
(314, 9.345627376425272, -2.7325023212112254)
(315, 36.098245614034184, -2.344194841858771)
(316, 11.012274368230617, -2.2106301497578773)
(317, 13.224567474048165, -2.056278173519817)
(318, 20.380161943319436, -1.8319137723514243)
(319, -17.988888888888695, -1.993483523516797)
(320, 9.982208588956874, -1.8737266023920602)
(321, -18.08174904942957, -2.0358068268624354)
(322, -13.697540983606297, -2.152424168429874)
(323, 9.614093959731303, -2.0347589871482623)
(324, -17.921052631578974, -2.19362192359257)
(325, -18.042857142857084, -2.352114275785215)
(326, 20.665517241378748, -2.1219379606135753)
(327, 11.278947368420592, -1.9879291073232337)
(328, -5.387920489296442, -2.0219290211429657)
(329, 11.01746031746016, -1.8915351277569346)
(330, 17.281818181817812, -1.699801594661187)
(331, 14.050375939849268, -1.5422998193160824)
(332, 13.668493150684458, -1.390191889616077)
(333, 27.672727272726554, -1.0995626979926505)
(334, -17.930158730158595, -1.26786865831431)
(335, 10.941935483870681, -1.14577061689246)
(336, -17.926229508196492, -1.3135752058055001)
(337, 12.797435897435497, -1.1724650947730901)
(338, -17.969565217391242, -1.3404360959992716)
(339, 14.208695652173784, -1.184944778517541)
(340, -18.08305084745764, -1.353925839206942)
(341, 16.20708661417298, -1.1783157146731427)
(342, 11.9323943661971, -1.04720861386444)
(343, 11.700643086816653, -0.9197300968576291)
(344, 15.992452830188038, -0.7506082675871724)
(345, 37.64210526315719, -0.3666811322797287)
(346, 24.570370370369893, -0.1173106172532325)
(347, -18.022292993630487, -0.29636044101700504)
(348, 9.62839506172827, -0.19711288598955226)
(349, 20.5999999999996, 0.010858242870339263)
(350, 10.786411149825307, 0.11861377193988895)
(351, 18.042465753424022, 0.29785229175473027)
(352, 20.387969924811422, 0.4987534680852972)
(353, 20.07407407407357, 0.69450667414518)
(354, 22.42657342657312, 0.9118273416694593)
(355, 11.694890510948756, 1.0196579733622524)
(356, 21.253046594981498, 1.221991859578445)
(357, -18.061484098940447, 1.029157099993256)
(358, 24.20424028268512, 1.2609079318201748)
(359, 23.380811808117627, 1.4821069705831493)
(360, -17.942776203965842, 1.2878581388376593)
(361, 22.786956521738567, 1.5028491226666685)
(362, 12.839057239056913, 1.616211203830571)
(363, 28.390109890108945, 1.8839501906933547)
(364, 25.612274368230622, 2.121233432468727)
(365, -6.253244837757896, 2.037488649766461)
(366, 24.124324324323844, 2.2583570065120346)
(367, 27.514285714285215, 2.510916293589766)
(368, 28.788111888110926, 2.773688249534978)
(369, 26.82777777777749, 3.0142291448174032)
(370, 23.915730337078237, 3.2232441567400114)
(371, 12.222981366459369, 3.3132415288372052)
(372, -17.94427244582039, 3.100666389090629)
(373, 15.866666666666479, 3.2283263918663874)
(374, 11.438047138047118, 3.3104235993281947)
(375, -17.940614334471263, 3.0979132199902)
(376, 23.892096219930842, 3.3058550499896064)
(377, 40.86410256410202, 3.6814375251307307)
(378, 36.47062937062851, 4.009329443585709)
(379, 18.8235294117645, 4.157471443267497)
(380, 17.514285714285386, 4.291039585977676)
(381, -18.02764505119435, 4.067852739605955)
(382, 15.861048689138027, 4.1857846991012755)
(383, 18.51726384364794, 4.329099490546742)
(384, 56.00671140939522, 4.845875609735227)
(385, 21.05567010309243, 5.0079735546688)
(386, 29.566666666666293, 5.253560485788775)
(387, 8.665467625899321, 5.28767955718988)
(388, 19.040067340066894, 5.42520343501865)
(389, 22.73333333333276, 5.598284734001791)
(390, 11.018210862619764, 5.652483995287971)
(391, 16.902090592333927, 5.764980061258431)
(392, -17.925899280575436, 5.528071267840092)
(393, 14.592607003890867, 5.6187166252006)
(394, 19.573063973063604, 5.758260098679229)
(395, 21.199999999999452, 5.912677497692432)
(396, -18.064310954063515, 5.672907613174872)
(397, 13.211627906976588, 5.74829481611289)
(398, 30.783582089551537, 5.998647688847276)
(399, -17.975208913648835, 5.758909122822315)
(400, -18.016149068322854, 5.521158540910863)
(401, 23.003773584905403, 5.695984691350809)
(402, -17.942953020134116, 5.459595314235959)
(403, 13.968421052631216, 5.544683571619911)
(404, -18.064935064934915, 5.308587385254363)
(405, -17.977408637873644, 5.075727425023083)
(406, -12.24743589743568, 4.902495791798496)
(407, 8.88166089965398, 4.942287442877051)
(408, 12.227450980391932, 5.0151390782522)
(409, 10.165573770491802, 5.066643425174595)
(410, 30.5452830188674, 5.321429821111523)
(411, 11.571197411003121, 5.383927497010439)
(412, 19.399999999999604, 5.524088222040331)
(413, 23.647368421052178, 5.705321024030449)
(414, 17.39209621993081, 5.822188775989453)
(415, 26.38695652173871, 6.0278364534469455)
(416, 32.645283018867424, 6.29401091910115)
(417, 26.671428571428024, 6.497785095624419)
(418, 11.13157894736827, 6.544123034141858)
(419, 14.57407407407353, 6.624422544541175)
(420, 13.315479876160543, 6.6913331178573685)
(421, 24.96881720430055, 6.8741079587218)
(422, 16.37627118644008, 6.969129590998983)
(423, 27.942446043165084, 7.178862755520644)
(424, 28.410344827585725, 7.391177576241295)
(425, 26.505211726383955, 7.582317917742721)
(426, -17.97759562841521, 7.326718782281142)
(427, 22.805555555554882, 7.481507150013879)
(428, 21.362068965516894, 7.620312768168909)
(429, 32.93727598566255, 7.873482400343846)
(430, 26.5333333333327, 8.060080909673735)
(431, 12.081569965870194, 8.100295800235699)
(432, 16.40260586319194, 8.183318900865261)
(433, 9.032558139534615, 8.191811293251956)
(434, 10.003908794787986, 8.209932268267316)
(435, 19.766666666666268, 8.325499612251306)
(436, 14.88571428571382, 8.391101758985933)
(437, 31.53114754098319, 8.622502216805906)
(438, 22.681481481480816, 8.763092009452656)
(439, 33.921276595743585, 9.014673855315566)
(440, -18.04680851063825, 8.744059031656029)
(441, 19.870671378091462, 8.855325155120383)
(442, 19.8762711864402, 8.965534615433581)
(443, 21.34515050167192, 9.089330774295965)
(444, 17.415730337078234, 9.172594769923787)
(445, 8.722591362126225, 9.168094735845811)
(446, 16.452459016392872, 9.24093837865128)
(447, 17.706060606060312, 9.32558960092537)
(448, 17.29127516778494, 9.405246456593966)
(449, 8.007430340556873, 9.391268295433596)
(450, 13.340350877192853, 9.430759121251189)
(451, 21.62941176470538, 9.55274564768573)
(452, 56.056643356643164, 10.017784624775306)
(453, 31.899999999999523, 10.236606778527548)
(454, 23.866914498140687, 10.372909855723679)
(455, 26.64155844155819, 10.535596341582023)
(456, 23.95680933852113, 10.669808471551413)
(457, 13.418210862619496, 10.697292495462094)
(458, -17.909677419354676, 10.411222796313927)
(459, 27.095522388059294, 10.578065792231381)
(460, 20.017770034842947, 10.672462834657498)
(461, 29.34057971014456, 10.85914400341237)
(462, 15.906270627062442, 10.90961526964887)
(463, 13.492215568862221, 10.935441272641004)
(464, 13.81446540880486, 10.964231514002641)
(465, 19.363636363635845, 11.048225562498972)
(466, 26.806148867313453, 11.205804795547117)
(467, 18.51739130434756, 11.278920660635121)
(468, 13.873539518900067, 11.30486684921777)
(469, 19.39206349206303, 11.385738815646222)
(470, 13.23061889250803, 11.40418761641484)
(471, 15.97317073170691, 11.449877447567761)
(472, 9.483660130718942, 11.430215274399274)
(473, -18.085534591194964, 11.135057775743332)
(474, 16.81917808219144, 11.191898978807814)
(475, -18.067741935483774, 10.899302569664897)
(476, 11.633656957928576, 10.906646113547534)
(477, 14.693081761006038, 10.94451047002212)
(478, 27.333333333332746, 11.108398698655227)
(479, 29.321505376343403, 11.29052976543211)
(480, 29.57142857142808, 11.47333875349207)
(481, 17.146416382252163, 11.530069529779672)
(482, 21.128571428571036, 11.626054548767584)
(483, 51.963799283153364, 12.029431996111443)
(484, 10.745945945945925, 12.016597135609787)
(485, 29.167558528427577, 12.188106749537965)
(486, 56.09090909091212, 12.627134772951706)
(487, 12.27898089171942, 12.623653234139383)
(488, 12.486567164178876, 12.622282373439777)
(489, 56.07360594795685, 13.056795609184947)
(490, 20.01724137930994, 13.126400066886196)
(491, 10.862079510703104, 13.103756861324365)
(492, 18.54515050167185, 13.15817079772784)
(493, 38.10909090909027, 13.407679998841463)
(494, 24.90268456375817, 13.52263004449063)
(495, 16.990322580644786, 13.55730696985217)
(496, 38.5454849498322, 13.80718874965197)
(497, 18.71227436823063, 13.856239605837757)
(498, 14.937254901960584, 13.867049758798986)
(499, 11.1388888888887, 13.839768150099884)
(500, 12.84383561643805, 13.829808824763266)
(501, 27.98127490039783, 13.971323485519612)
(502, 19.259385665528487, 14.024204107319699)
(503, 12.13388704318911, 14.005300936678394)
(504, 23.844982698961488, 14.103697754301225)
(505, 17.934113712374227, 14.142001913881955)
(506, 28.137735849056376, 14.2819592532337)
(507, 16.124489795917974, 14.300384558660541)
(508, 12.404620462045955, 14.281426917694395)
(509, 44.14705882352853, 14.580083236752737)
(510, 31.079003558717908, 14.745072439972388)
(511, 9.877813504823084, 14.696399850620896)
(512, 24.59741100323582, 14.795409962147046)
(513, 35.0424460431651, 14.997880322957226)
(514, 56.09298892989972, 15.40883140902665)
(515, 32.90185873605892, 15.583761682296974)
(516, 21.816129032257617, 15.64608535579658)
(517, 35.60801393728173, 15.845704641611432)
(518, 31.203149606298737, 15.999279091258305)
(519, 56.04814814814846, 16.399767781827208)
(520, 18.330721003134514, 16.41907731404028)
(521, 43.954545454544785, 16.694431995445324)
(522, 20.854545454545296, 16.736033130036326)
(523, 26.79047619047587, 16.836577560640723)
(524, 53.30726643598547, 17.20128444939417)
(525, 19.789473684210172, 17.22716634174233)
(526, 28.06088560885555, 17.335503534413462)
(527, 31.50652173912996, 17.47721371646063)
(528, 17.431147540983147, 17.476753054705853)
(529, 24.8999999999995, 17.55098552415879)
(530, 42.38518518518469, 17.799327520769047)
(531, 32.63587786259488, 17.947693024187306)
(532, 23.627044025156735, 18.004486534197)
(533, 16.779935275080643, 17.992241021605835)
(534, 20.041935483870496, 18.01273796622848)
(535, 56.01515151515352, 18.392762101717732)
(536, 24.18853754940678, 18.450719856194624)
(537, 45.47022900763293, 18.72091494770901)
(538, 26.17735849056583, 18.795479383137575)
(539, 56.05572519084208, 19.16808184121462)
(540, 35.02238267147972, 19.32662484951727)
(541, 56.05331010453328, 19.69389170206743)
(542, 19.961165048543258, 19.69656443553219)
(543, 24.435114503816536, 19.74394993621503)
(544, 11.529059829059607, 19.661801035143476)
(545, 23.292982456139953, 19.69811284935344)
(546, 32.68120805369088, 19.827943801396813)
(547, 44.1333333333329, 20.070997696716173)
(548, 13.06551724137892, 20.0009428921628)
(549, 56.08129496403555, 20.361746412881526)
(550, 20.56123778501579, 20.36374132660287)
(551, 20.968421052631047, 20.369788123863152)
(552, 15.62018348623829, 20.322292077486903)
(553, 15.122981366459294, 20.270298970376626)
(554, 21.114093959731214, 20.27873692027017)
(555, -18.072881355932278, 19.895220737508144)
(556, 56.050205761316676, 20.256770587746228)
(557, 19.91145510835873, 20.25331743295235)
(558, -18.094736842105185, 19.869836890201775)
(559, 15.618611987381456, 19.827324641173572)
(560, 12.356834532373702, 19.75261974008557)
(561, 37.90270270270231, 19.934120569711737)
(562, 16.569300911853794, 19.90047237313316)
(563, 29.5122743682306, 19.996590393084134)
(564, 31.545161290322092, 20.112076102056513)
(565, 23.72307692307634, 20.14818611026671)
(566, 29.86363636363584, 20.2453406128004)
(567, 23.584210526315275, 20.27872931193555)
(568, 23.559712230215624, 20.31153914111835)
(569, 9.061128526645422, 20.19903503497362)
(570, 56.08566308244545, 20.557901315448337)
(571, 27.009798270892986, 20.622420285002782)
(572, 37.881081081080644, 20.79500689296356)
(573, 51.23664122137348, 21.099423236247656)
(574, 56.009053497945374, 21.448519538864634)
(575, 22.165256797582792, 21.455686911451814)
(576, 25.427044025156846, 21.495400482588863)
(577, 27.406172839505516, 21.55450820615803)
(578, 27.747368421052073, 21.61643680830697)
(579, 17.06666666666627, 21.57093910689056)
(580, 65.09651162791128, 22.006194832100768)
(581, 34.156521739129914, 22.12769810117106)
(582, 32.99693486589999, 22.236390468818346)
(583, 37.9860805860801, 22.393887369990964)
(584, 21.38888888888828, 22.383837385179934)
(585, 9.135099337748366, 22.25135000470562)
(586, 16.274251497005732, 22.19157901962862)
(587, 22.203908794787836, 22.19170231738021)
(588, 27.671428571428336, 22.24649957992069)
(589, -18.044585987261346, 21.84358872424887)
(590, 56.00338983050845, 22.18518673531147)
(591, 18.436391437308345, 22.147698782331435)
(592, 13.564261168384741, 22.06186440619197)
(593, 32.27208480565314, 22.16396661018658)
(594, 56.033962264150816, 22.502666566726223)
(595, 56.015181518152175, 22.837791716240485)
(596, 42.978169014084074, 23.039195489218923)
(597, 36.47508417508376, 23.17355437607757)
(598, 45.0499999999995, 23.392318832316786)
(599, 18.669230769230264, 23.345087951685922)
(600, 55.79565217391258, 23.66959359390819)
(601, 29.19178082191725, 23.72481546618828)
(602, 30.392617449663874, 23.791493486023032)
(603, 56.069291338584904, 24.11427146454865)
(604, 33.68644067796575, 24.20999315668282)
(605, 40.685714285713026, 24.374750367973125)
(606, 32.1424657534242, 24.452427521827634)
(607, 29.5158730158726, 24.503061976768084)
(608, 28.644609665427318, 24.544477453654675)
(609, 26.045945945945505, 24.559492138577582)
(610, 19.695081967212744, 24.510848036863933)
(611, 26.03984674329481, 24.526138023928244)
(612, 56.017363344051404, 24.841050277129476)
(613, 56.07647058823588, 25.15340448024054)
(614, 17.43333333333316, 25.076203768771467)
(615, 50.22608695652126, 25.327702600648966)
(616, 25.660283687942645, 25.331028411521903)
(617, 23.031147540983113, 25.308029602816514)
(618, 23.222923588039613, 25.287178542668745)
(619, 21.34193548387048, 25.247726112080763)
(620, 37.91258741258688, 25.374374725085822)
(621, 23.06494845360767, 25.35128046237104)
(622, 22.65593220338919, 25.324326979781222)
(623, 21.309779179810135, 25.28418150178151)
(624, 27.41034482758571, 25.30544313503955)
(625, 56.034948096892975, 25.612738184658085)
(626, 56.00119760480024, 25.916622778859505)
(627, 35.76610169491479, 26.01511756802006)
(628, 37.33749999999948, 26.128341392339856)
(629, 22.09929078014168, 26.088050886217875)
(630, 56.01881188119201, 26.387358496167614)
(631, 24.014886731390888, 26.363633778519848)
(632, 24.16369426751553, 26.341634383409804)
(633, 48.43636363636293, 26.562581675939335)
(634, 56.01254125412582, 26.8570812717212)
(635, 8.555900621118033, 26.67406946521517)
(636, 56.08624535316288, 26.968191224094646)
(637, 19.4484848484841, 26.89299416033854)
(638, 21.842906574394263, 26.842493284479097)
(639, 35.000630914826175, 26.92407466078257)
(640, 29.674074074073573, 26.95157465491548)
(641, 21.504946996465844, 26.897108378330984)
(642, 56.001158301160785, 27.188148877559282)
(643, 41.804026845637026, 27.334307657240057)
(644, 24.4812316715538, 27.305776897383193)
(645, 30.21780821917767, 27.334897210601138)
(646, 56.09473684210727, 27.6224956069162)
(647, 56.058385093174834, 27.90685450177879)
(648, 23.7999999999996, 27.865785956760995)
(649, 39.29700374531792, 27.980098134646564)
(650, 19.66710963455131, 27.89696824964561)
(651, 54.63870967741882, 28.164385663923344)
(652, 56.01924290220833, 28.442934236306193)
(653, 29.99298245613985, 28.45843471850453)
(654, 42.07509157509107, 28.594601287070397)
(655, 22.623076923076397, 28.534886043430458)
(656, 21.76666666666617, 28.467203849662816)
(657, 56.05314685314909, 28.74306327969768)
(658, 29.74285714285689, 28.75306121832927)
(659, 25.974074074073748, 28.725271346886718)
(660, 24.824324324323825, 28.68626187666109)
(661, 249.34916387960297, 30.892890896690506)
(662, 29.24615384615352, 30.876423526185135)
(663, 23.93312101910788, 30.806990501114363)
(664, 29.262068965516825, 30.791541285758388)
(665, 56.05413533834923, 31.044167226284294)
(666, 15.336842105262482, 30.887093975074077)
(667, 31.570848708486466, 30.893931522408202)
(668, 35.78888888888857, 30.942881096073005)
(669, 11.620779220779148, 30.749660077320065)
(670, 56.013131313132064, 31.002294789678185)
(671, 56.056466876976884, 31.25283651055117)
(672, 313.84848484847674, 34.07879299393043)
(673, 56.05274725275386, 34.298532536518664)
(674, 41.43720136518731, 34.36991922480535)
(675, 56.01304347826546, 34.586350467339955)
(676, 33.52025316455668, 34.575689494312115)
(677, 36.20726072607228, 34.592005206629715)
(678, 10.733333333332864, 34.35341848789675)
(679, 32.270418006430404, 34.332588483082084)
(680, 56.06898954704276, 34.54995249372169)
(681, 8.9026402640264, 34.29347937142474)
(682, 296.0538461538408, 36.911083039248894)
(683, 56.03488372093159, 37.102321046065725)
(684, 46.364092664092105, 37.19493876224599)
(685, 31.75520504731825, 37.140541425096714)
(686, 56.09283276450644, 37.330064338490814)
(687, 32.884662576686765, 37.28561032087277)
(688, 56.00563380282446, 37.47281055569229)
(689, 56.04705882354152, 37.65855303837078)
(690, 24.72307692307637, 37.52919827721784)
(691, 18.306060606060267, 37.33696690050626)
(692, 10.001324503311238, 37.06361047653431)
(693, 56.055725190843106, 37.25353162367739)
(694, 34.01208791208737, 37.22111718656149)
(695, 56.01744966444531, 37.40908051134033)
(696, 56.0726962457413, 37.59571666868434)
(697, 56.05925925926205, 37.780352094590114)
(698, 56.02432432434287, 37.96279181688764)
(699, 56.07874564460192, 38.14395135516478)
(700, 56.082539682541324, 38.32333723843855)
(701, 34.63333333333285, 38.286437199387485)
(702, 14.105263157894475, 38.044625458972554)
(703, 15.571232876712154, 37.81989153314995)
(704, 56.06666666667091, 38.00235928448516)
(705, 165.1485765124685, 39.27382145676499)
(706, 56.026315789481515, 39.44134640009216)
(707, 56.00662251655881, 39.60699916125682)
(708, 584.3142857142554, 45.054072026786805)
(709, 56.04134275618489, 45.163944734080786)
(710, 56.067474048443785, 45.27298002722441)
(711, 56.02710622710653, 45.38052128922323)
(712, 38.61958041958001, 45.3129118805268)
(713, 56.088888888909196, 45.42067165061062)
(714, 56.02613240419407, 45.526726258146454)
(715, 56.014617940211735, 45.631605174967106)
(716, 56.08245614036653, 45.736113684621095)
(717, 35.57279151943391, 45.63448046296922)
(718, 56.05413533834957, 45.73867701172303)
(719, 56.00697674418794, 45.841360009047676)
(720, 56.02727272728171, 45.94321913623001)
(721, 56.06769759450762, 46.04446392081279)
(722, 56.0923664122233, 46.144942945726896)
(723, 56.0375527426194, 46.243869043695824)
(724, 44.229411764705624, 46.22372447090592)
(725, 26.866355140186563, 46.03015077759873)
(726, 442.62354948803, 49.99608476470304)
(727, 286.9666666666654, 52.365790583722664)
(728, 56.03065693431145, 52.40243924722855)
(729, 52.189473684209744, 52.400309591598365)
(730, 56.022222222222, 52.4365287179046)
(731, 56.093536121676266, 52.47309879194232)
(732, 47.16198083067051, 52.4199876123296)
(733, 56.058823529424785, 52.45637597150055)
(734, 52.86409266409222, 52.460453138426466)
(735, 91.78333333334423, 52.853681940375644)
(736, 61.87682926829594, 52.94391341365485)
(737, 557.2572438162204, 57.987046717680506)
(738, 56.006620209074924, 57.967242452594455)
(739, 56.043356643370174, 57.94800359450221)
(740, 56.07222222223916, 57.929245780779574)
(741, 324.34247104246595, 60.59337803339644)
(742, 56.013937282230614, 60.54758362588478)
(743, 467.7333333333098, 64.61944112295903)
(744, 56.01525423729808, 64.53339925410242)
(745, 422.9854304635566, 68.11791956619696)
(746, 473.35899280573756, 72.17033029859236)
(747, 635.5741496598338, 77.80436849220477)
(748, 269.45172413793046, 79.72084204866202)
(749, 281.23154574132275, 81.73594908558863)
(750, 97.58157894737447, 81.89440538420648)
(751, 273.9434343434347, 83.81489567379877)
(752, 56.08024691358317, 83.53754918619663)
(753, 296.1737704918022, 85.66391139925268)
(754, 56.06440677966209, 85.36791635305677)
(755, 56.08328075710121, 85.07506999709722)
(756, 13.05434083601276, 84.35486270548637)
(757, 460.85660377356766, 88.11988011616718)
(758, 56.00175438597523, 87.79869885886527)
(759, 295.7496240601475, 89.87820811087808)
(760, 56.05774647888114, 89.5400034945581)
(761, 56.069811320757566, 89.2053015728201)
(762, 467.5680412370914, 92.9889289694628)
(763, 340.91111111110644, 95.46815079087924)
(764, 606.5063829786883, 100.57853311275733)
(765, 16.709677419354666, 99.73984455582331)
(766, 438.0494382022302, 103.12294049228738)
(767, 56.07894736842242, 102.65250056104874)
(768, 109.65336700337907, 102.72250922547204)
(769, 56.08494623656166, 102.25613359558292)
(770, 125.99177215190257, 102.49348998114613)
(771, 485.1859531772355, 106.32041461310703)
(772, 56.06129032258784, 105.81782337020184)
(773, 253.89433962264008, 107.29858853272621)
(774, 56.07912087912179, 106.78639385619017)
(775, 249.6013986014034, 108.21454390364231)
(776, 56.03416370107456, 107.69274010161664)
(777, 250.79039145908607, 109.12371661519133)
(778, 56.03076923077822, 108.5927871413472)
(779, 42.82835249042106, 107.93514279483794)
(780, 56.02650602409939, 107.41605642713056)
(781, 293.27744107743973, 109.27467027363365)
(782, 24.956739811912016, 108.43149096901644)
(783, 623.780419580384, 113.58498025513012)
(784, 56.07500000001602, 113.00988045257897)
(785, 56.01212121212181, 112.4399028601744)
(786, 56.03859649123238, 111.87588979648498)
(787, 56.08421052632198, 111.31797300378335)
(788, 622.0989010988657, 116.42578228473418)
(789, 353.3695652173833, 118.79522011406067)
(790, 200.74354838710417, 119.6147033967911)
(791, 119.11905537459582, 119.60974691656914)
(792, 487.3951890034118, 123.28760133743756)
(793, 56.03898305085406, 122.61511515457173)
(794, 469.1301369862826, 126.08026537288883)
(795, 41.44736842105224, 125.23393640337046)
(796, 595.1083916083555, 129.93268095542032)
(797, 614.3272727272388, 134.7766268731385)
(798, 312.58235294117156, 136.55468413381882)
(799, 56.081250000000466, 135.74994979248063)
(800, 670.9433962263817, 141.10188425681966)
(0, -22.30769230769222, -0.22307692307692223)
(0, -18.05753424657528, -0.1805753424657528)
